{
  "image_name": "1",
  "image_filename": "1.jpg",
  "num_aois": 15,
  "spatial_distance_matrix": [
    [
      0.0,
      0.1963211977826708,
      0.31269515040090695,
      0.6096942622272784,
      0.8934822604046551,
      0.8263696614562482,
      0.4228537310925805,
      0.9468786729169424,
      0.13954116883224887,
      0.2400616704224072,
      0.6841140737684616,
      0.957498566664568,
      0.35466460968073243,
      0.745432439620613,
      1.0
    ],
    [
      0.1963211977826708,
      0.0,
      0.15687973129915128,
      0.41440613681691885,
      0.7015252131111289,
      0.6311475519609178,
      0.22968195256631213,
      0.750662449217129,
      0.2601423646976736,
      0.12020613814119356,
      0.4987014311176301,
      0.7654845451350347,
      0.3088029247275955,
      0.5858754063233815,
      0.8192575865300036
    ],
    [
      0.31269515040090695,
      0.15687973129915128,
      0.0,
      0.33235605725172446,
      0.5945334117270201,
      0.540980007914615,
      0.22904531157605873,
      0.6804075400661216,
      0.4085252138355162,
      0.26080571864277236,
      0.49179438517037105,
      0.7249490641322265,
      0.45118648176733106,
      0.6239385872428899,
      0.8105681951118693
    ],
    [
      0.6096942622272784,
      0.41440613681691885,
      0.33235605725172446,
      0.0,
      0.2936459318911557,
      0.21674828309330768,
      0.21659569460825517,
      0.3480577322897725,
      0.6597249045629812,
      0.4344950637795783,
      0.24811130350384686,
      0.40478048690571466,
      0.5619743047953569,
      0.4362299428114404,
      0.5208540561473051
    ],
    [
      0.8934822604046551,
      0.7015252131111289,
      0.5945334117270201,
      0.2936459318911557,
      0.0,
      0.10522222682238423,
      0.5093991685598505,
      0.20529425858220363,
      0.9521397676511969,
      0.7281393144859565,
      0.42053901858592624,
      0.3499298606647776,
      0.8473073854232758,
      0.5991732565010269,
      0.522185347484441
    ],
    [
      0.8263696614562482,
      0.6311475519609178,
      0.540980007914615,
      0.21674828309330768,
      0.10522222682238423,
      0.0,
      0.42462227063949,
      0.16147881874032485,
      0.8739617514304044,
      0.6451750950645285,
      0.315317367351696,
      0.2805802918808002,
      0.7527427099404951,
      0.4952198144693766,
      0.4439091224480654
    ],
    [
      0.4228537310925805,
      0.22968195256631213,
      0.22904531157605873,
      0.21659569460825517,
      0.5093991685598505,
      0.42462227063949,
      0.0,
      0.5280228326073375,
      0.45128155754975674,
      0.22058400530709554,
      0.2737871815112656,
      0.5358159331493113,
      0.3508823703932074,
      0.3949980242176699,
      0.5959933521937724
    ],
    [
      0.9468786729169424,
      0.750662449217129,
      0.6804075400661216,
      0.3480577322897725,
      0.20529425858220363,
      0.16147881874032485,
      0.5280228326073375,
      0.0,
      0.9772671649745316,
      0.7440604795061995,
      0.3330256655153455,
      0.15084002460653148,
      0.8202874488925012,
      0.4703171118538725,
      0.3256579738055345
    ],
    [
      0.13954116883224887,
      0.2601423646976736,
      0.4085252138355162,
      0.6597249045629812,
      0.9521397676511969,
      0.8739617514304044,
      0.45128155754975674,
      0.9772671649745316,
      0.0,
      0.23341139000463504,
      0.6834740078240985,
      0.9662226600119138,
      0.2631748641797618,
      0.7079656836656215,
      0.9841368343342719
    ],
    [
      0.2400616704224072,
      0.12020613814119356,
      0.26080571864277236,
      0.4344950637795783,
      0.7281393144859565,
      0.6451750950645285,
      0.22058400530709554,
      0.7440604795061995,
      0.23341139000463504,
      0.0,
      0.4543264721269706,
      0.7349635907721958,
      0.191264029894711,
      0.5054339103685291,
      0.7640038388510525
    ],
    [
      0.6841140737684616,
      0.4987014311176301,
      0.49179438517037105,
      0.24811130350384686,
      0.42053901858592624,
      0.315317367351696,
      0.2737871815112656,
      0.3330256655153455,
      0.6834740078240985,
      0.4543264721269706,
      0.0,
      0.2843605552460727,
      0.49493679171760596,
      0.19269504995230538,
      0.32220726028665897
    ],
    [
      0.957498566664568,
      0.7654845451350347,
      0.7249490641322265,
      0.40478048690571466,
      0.3499298606647776,
      0.2805802918808002,
      0.5358159331493113,
      0.15084002460653148,
      0.9662226600119138,
      0.7349635907721958,
      0.2843605552460727,
      0.0,
      0.7760305887763036,
      0.36483291561129333,
      0.1748209003187664
    ],
    [
      0.35466460968073243,
      0.3088029247275955,
      0.45118648176733106,
      0.5619743047953569,
      0.8473073854232758,
      0.7527427099404951,
      0.3508823703932074,
      0.8202874488925012,
      0.2631748641797618,
      0.191264029894711,
      0.49493679171760596,
      0.7760305887763036,
      0.0,
      0.4696111062841894,
      0.7612788871353076
    ],
    [
      0.745432439620613,
      0.5858754063233815,
      0.6239385872428899,
      0.4362299428114404,
      0.5991732565010269,
      0.4952198144693766,
      0.3949980242176699,
      0.4703171118538725,
      0.7079656836656215,
      0.5054339103685291,
      0.19269504995230538,
      0.36483291561129333,
      0.4696111062841894,
      0.0,
      0.2980164872907628
    ],
    [
      1.0,
      0.8192575865300036,
      0.8105681951118693,
      0.5208540561473051,
      0.522185347484441,
      0.4439091224480654,
      0.5959933521937724,
      0.3256579738055345,
      0.9841368343342719,
      0.7640038388510525,
      0.32220726028665897,
      0.1748209003187664,
      0.7612788871353076,
      0.2980164872907628,
      0.0
    ]
  ],
  "semantic_distance_matrix": [
    [
      4.440892098500624e-16,
      0.8605509381578751,
      1.0,
      1.0,
      0.9457053012994363,
      1.0,
      0.9528509702253982,
      0.9474415064916228,
      0.924844503708906,
      0.9534830531859639,
      1.0,
      1.0,
      0.9577148865166685,
      0.9511427865078148,
      1.0
    ],
    [
      0.8605509381578751,
      4.440892098500624e-16,
      1.0,
      0.9425032137185491,
      1.0,
      1.0,
      0.9294712372505558,
      0.9213793892081878,
      1.0,
      1.0,
      1.0,
      0.7033678952791437,
      0.936747017892917,
      1.0,
      1.0
    ],
    [
      1.0,
      1.0,
      2.220446049250312e-16,
      1.0,
      0.8575426060067003,
      1.0,
      1.0,
      1.0,
      1.0,
      1.0,
      0.8546298573204149,
      1.0,
      1.0,
      1.0,
      1.0
    ],
    [
      1.0,
      0.9425032137185491,
      1.0,
      4.440892098500624e-16,
      1.0,
      1.0,
      0.823973919485096,
      0.9375655744951875,
      1.0,
      1.0,
      0.8876811570451879,
      0.9250480713490101,
      0.9497693599738202,
      1.0,
      0.8658618940718313
    ],
    [
      0.9457053012994363,
      1.0,
      0.8575426060067003,
      1.0,
      2.220446049250312e-16,
      1.0,
      0.9411564348317392,
      0.9344052432745543,
      0.9062034284713907,
      0.9419452954946119,
      0.8413427280846023,
      1.0,
      0.9472267649451386,
      0.9390245644542257,
      1.0
    ],
    [
      1.0,
      1.0,
      1.0,
      1.0,
      1.0,
      2.220446049250312e-16,
      1.0,
      1.0,
      1.0,
      1.0,
      1.0,
      1.0,
      1.0,
      1.0,
      1.0
    ],
    [
      0.9528509702253982,
      0.9294712372505558,
      1.0,
      0.823973919485096,
      0.9411564348317392,
      1.0,
      4.440892098500624e-16,
      0.8664525548753224,
      0.9185478978684883,
      0.9495858148808212,
      0.8270014607467876,
      0.9080597867233438,
      0.8925564928605513,
      0.9470494782202893,
      1.0
    ],
    [
      0.9474415064916228,
      0.9213793892081878,
      1.0,
      0.9375655744951875,
      0.9344052432745543,
      1.0,
      0.8664525548753224,
      2.220446049250312e-16,
      0.9092028022296906,
      0.9438017360275818,
      1.0,
      0.8975113777364944,
      0.7330481399863905,
      0.7709177485699285,
      1.0
    ],
    [
      0.924844503708906,
      1.0,
      1.0,
      1.0,
      0.9062034284713907,
      1.0,
      0.9185478978684883,
      0.9092028022296906,
      4.440892098500624e-16,
      0.9196398500487497,
      1.0,
      1.0,
      0.9269505353863675,
      0.6724261075906967,
      1.0
    ],
    [
      0.9534830531859639,
      1.0,
      1.0,
      1.0,
      0.9419452954946119,
      1.0,
      0.9495858148808212,
      0.9438017360275818,
      0.9196398500487497,
      4.440892098500624e-16,
      1.0,
      1.0,
      0.9547865661472742,
      0.9477593363601072,
      1.0
    ],
    [
      1.0,
      1.0,
      0.8546298573204149,
      0.8876811570451879,
      0.8413427280846023,
      1.0,
      0.8270014607467876,
      1.0,
      1.0,
      1.0,
      4.440892098500624e-16,
      0.7684891886982907,
      1.0,
      1.0,
      0.8066475175340133
    ],
    [
      1.0,
      0.7033678952791437,
      1.0,
      0.9250480713490101,
      1.0,
      1.0,
      0.9080597867233438,
      0.8975113777364944,
      1.0,
      1.0,
      0.7684891886982907,
      2.220446049250312e-16,
      0.9175443827652349,
      1.0,
      1.0
    ],
    [
      0.9577148865166685,
      0.936747017892917,
      1.0,
      0.9497693599738202,
      0.9472267649451386,
      1.0,
      0.8925564928605513,
      0.7330481399863905,
      0.9269505353863675,
      0.9547865661472742,
      1.0,
      0.9175443827652349,
      4.440892098500624e-16,
      0.9525118791805384,
      1.0
    ],
    [
      0.9511427865078148,
      1.0,
      1.0,
      1.0,
      0.9390245644542257,
      1.0,
      0.9470494782202893,
      0.7709177485699285,
      0.6724261075906967,
      0.9477593363601072,
      1.0,
      1.0,
      0.9525118791805384,
      0.0,
      1.0
    ],
    [
      1.0,
      1.0,
      1.0,
      0.8658618940718313,
      1.0,
      1.0,
      1.0,
      1.0,
      1.0,
      1.0,
      0.8066475175340133,
      1.0,
      1.0,
      1.0,
      4.440892098500624e-16
    ]
  ],
  "spatial_range": [
    0.0,
    1.0
  ],
  "semantic_range": [
    0.0,
    1.0
  ]
}