{
  "image_name": "2",
  "image_filename": "2.jpg",
  "num_aois": 14,
  "spatial_distance_matrix": [
    [
      0.0,
      0.30114066932432254,
      0.5642610399649968,
      0.8451084139779778,
      0.16921671907595,
      0.3917957968435859,
      0.3196460058818567,
      0.4235483747636239,
      0.7381899993836017,
      0.9330610433422407,
      0.5299771284008103,
      0.6272830910489575,
      0.8172698532692593,
      1.0
    ],
    [
      0.30114066932432254,
      0.0,
      0.2684455170100976,
      0.5500036378234656,
      0.23484319362886266,
      0.5442432927354157,
      0.36525450207623383,
      0.3029728392943227,
      0.49195391636205676,
      0.6546578461147093,
      0.5087188955839151,
      0.46565638535861376,
      0.6098354295966139,
      0.7467026234253464
    ],
    [
      0.5642610399649968,
      0.2684455170100976,
      0.0,
      0.2817203654727797,
      0.45681699344039817,
      0.7162333888660529,
      0.5156645085507746,
      0.3499589300714292,
      0.28647249653331663,
      0.39490993554580933,
      0.56361703165547,
      0.3882067347877384,
      0.44074239532023707,
      0.5100487836890527
    ],
    [
      0.8451084139779778,
      0.5500036378234656,
      0.2817203654727797,
      0.0,
      0.7276144906095334,
      0.9529289162371731,
      0.7544596922715783,
      0.5635164817123317,
      0.2752084693108291,
      0.16910360628317944,
      0.7403919429884257,
      0.49689781485921547,
      0.41682284465919023,
      0.3335104001098007
    ],
    [
      0.16921671907595,
      0.23484319362886266,
      0.45681699344039817,
      0.7276144906095334,
      0.0,
      0.31632025927876933,
      0.17273760272679925,
      0.25554113429929526,
      0.5865503893636064,
      0.7953889893159575,
      0.3731657314739236,
      0.45934169557713594,
      0.6533007213110585,
      0.8471627732675865
    ],
    [
      0.3917957968435859,
      0.5442432927354157,
      0.7162333888660529,
      0.9529289162371731,
      0.31632025927876933,
      0.0,
      0.20088117475499165,
      0.3904975839974329,
      0.7408773399106212,
      0.974563999653695,
      0.296252481375743,
      0.5337325026072619,
      0.7388317487439201,
      0.9750743390630124
    ],
    [
      0.3196460058818567,
      0.36525450207623383,
      0.5156645085507746,
      0.7544596922715783,
      0.17273760272679925,
      0.20088117475499165,
      0.0,
      0.19731608529896472,
      0.5561847954472142,
      0.7858147552319362,
      0.21122441284177915,
      0.3721823167840683,
      0.5795730478997626,
      0.8028232888984971
    ],
    [
      0.4235483747636239,
      0.3029728392943227,
      0.3499589300714292,
      0.5635164817123317,
      0.25554113429929526,
      0.3904975839974329,
      0.19731608529896472,
      0.0,
      0.35975591559396186,
      0.5885000502669202,
      0.22143684412701248,
      0.2038324328037737,
      0.40105833901100874,
      0.6111078458778837
    ],
    [
      0.7381899993836017,
      0.49195391636205676,
      0.28647249653331663,
      0.2752084693108291,
      0.5865503893636064,
      0.7408773399106212,
      0.5561847954472142,
      0.35975591559396186,
      0.0,
      0.23556128169973115,
      0.4905719774769487,
      0.23223398892935881,
      0.16271616831865127,
      0.26181007345442936
    ],
    [
      0.9330610433422407,
      0.6546578461147093,
      0.39490993554580933,
      0.16910360628317944,
      0.7953889893159575,
      0.974563999653695,
      0.7858147552319362,
      0.5885000502669202,
      0.23556128169973115,
      0.0,
      0.7250119825533332,
      0.4642183586688846,
      0.31973923656836517,
      0.1681500171704668
    ],
    [
      0.5299771284008103,
      0.5087188955839151,
      0.56361703165547,
      0.7403919429884257,
      0.3731657314739236,
      0.296252481375743,
      0.21122441284177915,
      0.22143684412701248,
      0.4905719774769487,
      0.7250119825533332,
      0.0,
      0.26196322437627745,
      0.4549597682270432,
      0.6986044158306197
    ],
    [
      0.6272830910489575,
      0.46565638535861376,
      0.3882067347877384,
      0.49689781485921547,
      0.45934169557713594,
      0.5337325026072619,
      0.3721823167840683,
      0.2038324328037737,
      0.23223398892935881,
      0.4642183586688846,
      0.26196322437627745,
      0.0,
      0.20780140790747254,
      0.44184971878709617
    ],
    [
      0.8172698532692593,
      0.6098354295966139,
      0.44074239532023707,
      0.41682284465919023,
      0.6533007213110585,
      0.7388317487439201,
      0.5795730478997626,
      0.40105833901100874,
      0.16271616831865127,
      0.31973923656836517,
      0.4549597682270432,
      0.20780140790747254,
      0.0,
      0.2464100234486267
    ],
    [
      1.0,
      0.7467026234253464,
      0.5100487836890527,
      0.3335104001098007,
      0.8471627732675865,
      0.9750743390630124,
      0.8028232888984971,
      0.6111078458778837,
      0.26181007345442936,
      0.1681500171704668,
      0.6986044158306197,
      0.44184971878709617,
      0.2464100234486267,
      0.0
    ]
  ],
  "semantic_distance_matrix": [
    [
      4.440892098500624e-16,
      0.7723646160089263,
      0.8687081411172025,
      0.8740981068370297,
      0.9336570500374086,
      0.8406078425184963,
      1.0,
      0.8927511437042162,
      0.8280363108084361,
      0.7738934327410757,
      1.0,
      0.9628934486910053,
      0.9573978425451665,
      0.9612669716001858
    ],
    [
      0.7723646160089263,
      2.220446049250312e-16,
      0.9318064642102032,
      0.8572704051506956,
      1.0,
      0.9014632232907009,
      1.0,
      0.8784165557595389,
      0.8868425028092904,
      0.8904707130753972,
      1.0,
      0.9579338888277701,
      0.9517037550391414,
      0.9560900212704819
    ],
    [
      0.8687081411172025,
      0.9318064642102032,
      2.220446049250312e-16,
      0.6753100674852696,
      0.7539183150207286,
      0.8363355595764546,
      0.9556528756631887,
      0.9591978814587414,
      0.6366507747943281,
      0.8998104462820021,
      0.9345357181124627,
      0.9544081169231684,
      0.9476558043530516,
      0.9032796174401231
    ],
    [
      0.8740981068370297,
      0.8572704051506956,
      0.6753100674852696,
      2.220446049250312e-16,
      0.9068618088854891,
      1.0,
      1.0,
      0.9611279744680625,
      0.88315962122945,
      0.8869059170761728,
      0.9162562877146264,
      0.9565647837325008,
      0.950131880834094,
      0.9546609047218755
    ],
    [
      0.9336570500374086,
      1.0,
      0.7539183150207286,
      0.9068618088854891,
      4.440892098500624e-16,
      0.9381542389660613,
      1.0,
      1.0,
      0.9384319392850508,
      1.0,
      0.9389485761465521,
      1.0,
      0.7493600058684219,
      1.0
    ],
    [
      0.8406078425184963,
      0.9014632232907009,
      0.8363355595764546,
      1.0,
      0.9381542389660613,
      4.440892098500624e-16,
      1.0,
      0.9309783683369482,
      0.8340140108777795,
      1.0,
      1.0,
      1.0,
      1.0,
      0.7510681833453352
    ],
    [
      1.0,
      1.0,
      0.9556528756631887,
      1.0,
      1.0,
      1.0,
      4.440892098500624e-16,
      0.7639178061830304,
      0.8636162471392798,
      0.8679891693454458,
      0.9244245266099141,
      0.8696006578322281,
      0.9506284992762123,
      1.0
    ],
    [
      0.8927511437042162,
      0.8784165557595389,
      0.9591978814587414,
      0.9611279744680625,
      1.0,
      0.9309783683369482,
      0.7639178061830304,
      4.440892098500624e-16,
      0.9278009678435011,
      0.8272889041723714,
      1.0,
      0.9309690039987981,
      0.9207452792791788,
      0.9692425662842367
    ],
    [
      0.8280363108084361,
      0.8868425028092904,
      0.6366507747943281,
      0.88315962122945,
      0.9384319392850508,
      0.8340140108777795,
      0.8636162471392798,
      0.9278009678435011,
      2.220446049250312e-16,
      0.7683932456132748,
      1.0,
      0.9193255166637734,
      0.9073773519652265,
      0.8659623542746892
    ],
    [
      0.7738934327410757,
      0.8904707130753972,
      0.8998104462820021,
      0.8869059170761728,
      1.0,
      1.0,
      0.8679891693454458,
      0.8272889041723714,
      0.7683932456132748,
      4.440892098500624e-16,
      1.0,
      0.807014332378786,
      0.9103471458438185,
      0.8452730702817054
    ],
    [
      1.0,
      1.0,
      0.9345357181124627,
      0.9162562877146264,
      0.9389485761465521,
      1.0,
      0.9244245266099141,
      1.0,
      1.0,
      1.0,
      4.440892098500624e-16,
      0.8241592268538789,
      1.0,
      1.0
    ],
    [
      0.9628934486910053,
      0.9579338888277701,
      0.9544081169231684,
      0.9565647837325008,
      1.0,
      1.0,
      0.8696006578322281,
      0.9309690039987981,
      0.9193255166637734,
      0.807014332378786,
      0.8241592268538789,
      0.0,
      0.9114415601548527,
      0.9656319482456652
    ],
    [
      0.9573978425451665,
      0.9517037550391414,
      0.9476558043530516,
      0.950131880834094,
      0.7493600058684219,
      1.0,
      0.9506284992762123,
      0.9207452792791788,
      0.9073773519652265,
      0.9103471458438185,
      1.0,
      0.9114415601548527,
      5.551115123125781e-16,
      0.9605419231751906
    ],
    [
      0.9612669716001858,
      0.9560900212704819,
      0.9032796174401231,
      0.9546609047218755,
      1.0,
      0.7510681833453352,
      1.0,
      0.9692425662842367,
      0.8659623542746892,
      0.8452730702817054,
      1.0,
      0.9656319482456652,
      0.9605419231751906,
      4.440892098500624e-16
    ]
  ],
  "spatial_range": [
    0.0,
    1.0
  ],
  "semantic_range": [
    0.0,
    1.0
  ]
}