{
  "image_name": "3",
  "image_filename": "3.jpg",
  "num_aois": 13,
  "spatial_distance_matrix": [
    [
      0.0,
      0.21796024107029943,
      0.5992363541080523,
      0.4310625700468481,
      0.7540115324290798,
      0.2112190517028665,
      0.4177821129297938,
      0.5348789224404182,
      0.713697763027984,
      0.9500941097844909,
      0.7070473369520517,
      0.7977729976643195,
      1.0
    ],
    [
      0.21796024107029943,
      0.0,
      0.38229200380513423,
      0.23856812867820812,
      0.5384215538737966,
      0.2519976680107489,
      0.4548335701846178,
      0.43811655105173486,
      0.5125694279740226,
      0.7413252351716683,
      0.5307542183716054,
      0.6385949935922064,
      0.8056729181796265
    ],
    [
      0.5992363541080523,
      0.38229200380513423,
      0.0,
      0.27395370517005296,
      0.2055868236577903,
      0.5863295581433706,
      0.7283223808297814,
      0.5441440696467055,
      0.28917330145739273,
      0.43109868226925396,
      0.40457940485644883,
      0.5322896481890643,
      0.551801675315853
    ],
    [
      0.4310625700468481,
      0.23856812867820812,
      0.27395370517005296,
      0.0,
      0.3478390566274294,
      0.3430328098148687,
      0.45665504149179575,
      0.28762006422294656,
      0.28285003251958946,
      0.522597053597378,
      0.2932175432269534,
      0.406854733506167,
      0.570597132505541
    ],
    [
      0.7540115324290798,
      0.5384215538737966,
      0.2055868236577903,
      0.3478390566274294,
      0.0,
      0.6908694315678098,
      0.7829310872051258,
      0.5373825816042072,
      0.15703295516390214,
      0.22558342089622013,
      0.2986775767766646,
      0.4077070944191381,
      0.3534782548600242
    ],
    [
      0.2112190517028665,
      0.2519976680107489,
      0.5863295581433706,
      0.3430328098148687,
      0.6908694315678098,
      0.0,
      0.21776552760811033,
      0.34272294239667817,
      0.6099432236171983,
      0.8543254045487781,
      0.5662611664124212,
      0.6349627932040193,
      0.8727248168970343
    ],
    [
      0.4177821129297938,
      0.4548335701846178,
      0.7283223808297814,
      0.45665504149179575,
      0.7829310872051258,
      0.21776552760811033,
      0.0,
      0.29027211372286044,
      0.6658323871081823,
      0.9014348253631473,
      0.5776820473776029,
      0.6025808490467008,
      0.8791737934483645
    ],
    [
      0.5348789224404182,
      0.43811655105173486,
      0.5441440696467055,
      0.28762006422294656,
      0.5373825816042072,
      0.34272294239667817,
      0.29027211372286044,
      0.0,
      0.3992020036217611,
      0.6218731766479418,
      0.29229629047119804,
      0.3143111708109569,
      0.5892699425167847
    ],
    [
      0.713697763027984,
      0.5125694279740226,
      0.28917330145739273,
      0.28285003251958946,
      0.15703295516390214,
      0.6099432236171983,
      0.6658323871081823,
      0.3992020036217611,
      0.0,
      0.24440855765860545,
      0.14164705473411426,
      0.25577625353941386,
      0.29539680343980784
    ],
    [
      0.9500941097844909,
      0.7413252351716683,
      0.43109868226925396,
      0.522597053597378,
      0.22558342089622013,
      0.8543254045487781,
      0.9014348253631473,
      0.6218731766479418,
      0.24440855765860545,
      0.0,
      0.3309364355329576,
      0.3755658005177396,
      0.16499007001765614
    ],
    [
      0.7070473369520517,
      0.5307542183716054,
      0.40457940485644883,
      0.2932175432269534,
      0.2986775767766646,
      0.5662611664124212,
      0.5776820473776029,
      0.29229629047119804,
      0.14164705473411426,
      0.3309364355329576,
      0.0,
      0.12890807750236197,
      0.30806172648805685
    ],
    [
      0.7977729976643195,
      0.6385949935922064,
      0.5322896481890643,
      0.406854733506167,
      0.4077070944191381,
      0.6349627932040193,
      0.6025808490467008,
      0.3143111708109569,
      0.25577625353941386,
      0.3755658005177396,
      0.12890807750236197,
      0.0,
      0.2913721249371594
    ],
    [
      1.0,
      0.8056729181796265,
      0.551801675315853,
      0.570597132505541,
      0.3534782548600242,
      0.8727248168970343,
      0.8791737934483645,
      0.5892699425167847,
      0.29539680343980784,
      0.16499007001765614,
      0.30806172648805685,
      0.2913721249371594,
      0.0
    ]
  ],
  "semantic_distance_matrix": [
    [
      4.440892098500624e-16,
      0.9100920949697757,
      0.9214369503633117,
      1.0,
      1.0,
      1.0,
      1.0,
      0.9095885432186792,
      0.8220722981043258,
      1.0,
      0.8650238440379573,
      1.0,
      1.0
    ],
    [
      0.9100920949697757,
      2.220446049250312e-16,
      0.7783512481343511,
      0.8714207958559123,
      1.0,
      1.0,
      1.0,
      1.0,
      0.9123759386505074,
      1.0,
      1.0,
      1.0,
      0.8532596738960517
    ],
    [
      0.9214369503633117,
      0.7783512481343511,
      0.0,
      1.0,
      0.7713909039601857,
      1.0,
      1.0,
      1.0,
      0.8291035285958884,
      1.0,
      1.0,
      1.0,
      0.8717758186053514
    ],
    [
      1.0,
      0.8714207958559123,
      1.0,
      4.440892098500624e-16,
      0.8913683315400968,
      1.0,
      1.0,
      0.7959573470301605,
      0.9233397872126199,
      0.8848172072890246,
      1.0,
      0.9462217046346542,
      0.7408222373565793
    ],
    [
      1.0,
      1.0,
      0.7713909039601857,
      0.8913683315400968,
      0.0,
      1.0,
      1.0,
      1.0,
      0.9087966325050681,
      0.4892018208934966,
      1.0,
      0.9360194622853427,
      1.0
    ],
    [
      1.0,
      1.0,
      1.0,
      1.0,
      1.0,
      4.440892098500624e-16,
      0.9391511652533371,
      0.9284245682200152,
      0.9222506805775381,
      1.0,
      1.0,
      1.0,
      0.8943131586217753
    ],
    [
      1.0,
      1.0,
      1.0,
      1.0,
      1.0,
      0.9391511652533371,
      4.440892098500624e-16,
      1.0,
      1.0,
      1.0,
      0.8970471849914002,
      0.7326852821168285,
      1.0
    ],
    [
      0.9095885432186792,
      1.0,
      1.0,
      0.7959573470301605,
      1.0,
      0.9284245682200152,
      1.0,
      0.0,
      0.7405780691958835,
      1.0,
      1.0,
      0.958434899326558,
      0.9194591613605876
    ],
    [
      0.8220722981043258,
      0.9123759386505074,
      0.8291035285958884,
      0.9233397872126199,
      0.9087966325050681,
      0.9222506805775381,
      1.0,
      0.7405780691958835,
      4.440892098500624e-16,
      0.9032965366210024,
      1.0,
      0.9548496151721446,
      0.7824033721657598
    ],
    [
      1.0,
      1.0,
      1.0,
      0.8848172072890246,
      0.4892018208934966,
      1.0,
      1.0,
      1.0,
      0.9032965366210024,
      2.220446049250312e-16,
      0.8670944866122466,
      0.9321610620769925,
      1.0
    ],
    [
      0.8650238440379573,
      1.0,
      1.0,
      1.0,
      1.0,
      1.0,
      0.8970471849914002,
      1.0,
      1.0,
      0.8670944866122466,
      2.220446049250312e-16,
      1.0,
      1.0
    ],
    [
      1.0,
      1.0,
      1.0,
      0.9462217046346542,
      0.9360194622853427,
      1.0,
      0.7326852821168285,
      0.958434899326558,
      0.9548496151721446,
      0.9321610620769925,
      1.0,
      2.220446049250312e-16,
      0.9386258092686433
    ],
    [
      1.0,
      0.8532596738960517,
      0.8717758186053514,
      0.7408222373565793,
      1.0,
      0.8943131586217753,
      1.0,
      0.9194591613605876,
      0.7824033721657598,
      1.0,
      1.0,
      0.9386258092686433,
      2.220446049250312e-16
    ]
  ],
  "spatial_range": [
    0.0,
    1.0
  ],
  "semantic_range": [
    0.0,
    1.0
  ]
}