{
  "image_name": "4",
  "image_filename": "4.jpg",
  "num_aois": 13,
  "spatial_distance_matrix": [
    [
      0.0,
      0.17937325875563806,
      0.3903536277220166,
      0.40089947182243063,
      0.7186004729704383,
      0.3508302339966116,
      0.36012392202971827,
      0.701462897910458,
      0.581948939994579,
      0.8391174704894555,
      0.744129899554715,
      0.9674155908487533,
      0.5464622222546078
    ],
    [
      0.17937325875563806,
      0.0,
      0.21759365724972463,
      0.2688940263547465,
      0.6417522812000582,
      0.4182660971027833,
      0.3592294458477875,
      0.7606073471823314,
      0.5958229653016881,
      0.8614562000770927,
      0.7238476204824862,
      0.9218851804997451,
      0.3783369385036417
    ],
    [
      0.3903536277220166,
      0.21759365724972463,
      0.0,
      0.300194905724915,
      0.6873648929641131,
      0.6095828832431823,
      0.5162598063591372,
      0.9312568668265434,
      0.7402445841794404,
      1.0,
      0.8289366339548452,
      0.9891428080800923,
      0.2749361519776232
    ],
    [
      0.40089947182243063,
      0.2688940263547465,
      0.300194905724915,
      0.0,
      0.39333815596408656,
      0.41146244227076134,
      0.2769867104949077,
      0.6747278867228693,
      0.46494563897462815,
      0.7135606992615815,
      0.5311332177726893,
      0.691153133514392,
      0.19644695896149467
    ],
    [
      0.7186004729704383,
      0.6417522812000582,
      0.6873648929641131,
      0.39333815596408656,
      0.0,
      0.5090140754107646,
      0.389809223173275,
      0.5378046043388318,
      0.3381956216708726,
      0.4589381319312785,
      0.2378367349754068,
      0.3047632784465126,
      0.47294061110813085
    ],
    [
      0.3508302339966116,
      0.4182660971027833,
      0.6095828832431823,
      0.41146244227076134,
      0.5090140754107646,
      0.0,
      0.14637659269764622,
      0.35190992019974016,
      0.2538708618742653,
      0.49396723755066957,
      0.4406205121758167,
      0.6817475205210538,
      0.6079082544344294
    ],
    [
      0.36012392202971827,
      0.3592294458477875,
      0.5162598063591372,
      0.2769867104949077,
      0.389809223173275,
      0.14637659269764622,
      0.0,
      0.415075866414064,
      0.23674350619744003,
      0.5023282311455736,
      0.38418487647240307,
      0.609644071404457,
      0.4716626140583648
    ],
    [
      0.701462897910458,
      0.7606073471823314,
      0.9312568668265434,
      0.6747278867228693,
      0.5378046043388318,
      0.35190992019974016,
      0.415075866414064,
      0.0,
      0.22174999307783935,
      0.20491059897088795,
      0.32636126429022516,
      0.5307140706134462,
      0.8558225449901928
    ],
    [
      0.581948939994579,
      0.5958229653016881,
      0.7402445841794404,
      0.46494563897462815,
      0.3381956216708726,
      0.2538708618742653,
      0.23674350619744003,
      0.22174999307783935,
      0.0,
      0.2656332385811779,
      0.19268675661113735,
      0.4357285270850833,
      0.6384518697232475
    ],
    [
      0.8391174704894555,
      0.8614562000770927,
      1.0,
      0.7135606992615815,
      0.4589381319312785,
      0.49396723755066957,
      0.5023282311455736,
      0.20491059897088795,
      0.2656332385811779,
      0.0,
      0.22121604003749637,
      0.3528145435191402,
      0.8685649866453241
    ],
    [
      0.744129899554715,
      0.7238476204824862,
      0.8289366339548452,
      0.5311332177726893,
      0.2378367349754068,
      0.4406205121758167,
      0.38418487647240307,
      0.32636126429022516,
      0.19268675661113735,
      0.22121604003749637,
      0.0,
      0.2430879849027502,
      0.6654442873042377
    ],
    [
      0.9674155908487533,
      0.9218851804997451,
      0.9891428080800923,
      0.691153133514392,
      0.3047632784465126,
      0.6817475205210538,
      0.609644071404457,
      0.5307140706134462,
      0.4357285270850833,
      0.3528145435191402,
      0.2430879849027502,
      0.0,
      0.7760222937982253
    ],
    [
      0.5464622222546078,
      0.3783369385036417,
      0.2749361519776232,
      0.19644695896149467,
      0.47294061110813085,
      0.6079082544344294,
      0.4716626140583648,
      0.8558225449901928,
      0.6384518697232475,
      0.8685649866453241,
      0.6654442873042377,
      0.7760222937982253,
      0.0
    ]
  ],
  "semantic_distance_matrix": [
    [
      2.2204460492503126e-16,
      0.9577631111164016,
      1.0,
      0.9039093985313802,
      1.0,
      0.821504793327053,
      0.8577731909201141,
      1.0,
      0.9405960395371286,
      1.0,
      1.0,
      1.0,
      0.9418069697986912
    ],
    [
      0.9577631111164016,
      2.2204460492503126e-16,
      1.0,
      0.9102000345343352,
      0.9411975998386025,
      0.9537644265330589,
      0.9479644809540261,
      1.0,
      0.864744387127264,
      0.9392374243894227,
      0.9298036262083221,
      0.8474889377649103,
      1.0
    ],
    [
      1.0,
      1.0,
      0.0,
      0.8781690366323469,
      0.9202232091867291,
      1.0,
      1.0,
      1.0,
      1.0,
      1.0,
      1.0,
      0.9062536821502503,
      0.9262184560992297
    ],
    [
      0.9039093985313802,
      0.9102000345343352,
      0.8781690366323469,
      0.0,
      0.7828237845344006,
      1.0,
      1.0,
      1.0,
      1.0,
      1.0,
      0.8703710838533664,
      0.7447945659772391,
      0.75022047485024
    ],
    [
      1.0,
      0.9411975998386025,
      0.9202232091867291,
      0.7828237845344006,
      0.0,
      1.0,
      1.0,
      1.0,
      1.0,
      1.0,
      0.9151169896311702,
      0.6748630032833346,
      0.9342384069178565
    ],
    [
      0.821504793327053,
      0.9537644265330589,
      1.0,
      1.0,
      1.0,
      3.330669073875469e-16,
      0.7800952917710764,
      1.0,
      1.0,
      1.0,
      1.0,
      1.0,
      1.0
    ],
    [
      0.8577731909201141,
      0.9479644809540261,
      1.0,
      1.0,
      1.0,
      0.7800952917710764,
      0.0,
      1.0,
      1.0,
      1.0,
      1.0,
      1.0,
      1.0
    ],
    [
      1.0,
      1.0,
      1.0,
      1.0,
      1.0,
      1.0,
      1.0,
      0.0,
      0.7884278834780624,
      0.7560408035390662,
      1.0,
      1.0,
      1.0
    ],
    [
      0.9405960395371286,
      0.864744387127264,
      1.0,
      1.0,
      1.0,
      1.0,
      1.0,
      0.7884278834780624,
      0.0,
      0.8782529278929585,
      1.0,
      0.9251208056414086,
      1.0
    ],
    [
      1.0,
      0.9392374243894227,
      1.0,
      1.0,
      1.0,
      1.0,
      1.0,
      0.7560408035390662,
      0.8782529278929585,
      2.2204460492503126e-16,
      1.0,
      0.9136584329368851,
      1.0
    ],
    [
      1.0,
      0.9298036262083221,
      1.0,
      0.8703710838533664,
      0.9151169896311702,
      1.0,
      1.0,
      1.0,
      1.0,
      1.0,
      2.2204460492503126e-16,
      0.900253324444881,
      0.7030606870264805
    ],
    [
      1.0,
      0.8474889377649103,
      0.9062536821502503,
      0.7447945659772391,
      0.6748630032833346,
      1.0,
      1.0,
      1.0,
      0.9251208056414086,
      0.9136584329368851,
      0.900253324444881,
      0.0,
      0.9227230483385277
    ],
    [
      0.9418069697986912,
      1.0,
      0.9262184560992297,
      0.75022047485024,
      0.9342384069178565,
      1.0,
      1.0,
      1.0,
      1.0,
      1.0,
      0.7030606870264805,
      0.9227230483385277,
      0.0
    ]
  ],
  "spatial_range": [
    0.0,
    1.0
  ],
  "semantic_range": [
    0.0,
    1.0
  ]
}