{
  "image_name": "7",
  "image_filename": "7.jpg",
  "num_aois": 13,
  "spatial_distance_matrix": [
    [
      0.0,
      0.2985992243491304,
      0.2032309981754381,
      0.3966510593379425,
      0.4634585692064505,
      0.553488218975207,
      0.5633564912384874,
      0.791012081179034,
      0.8349494814292014,
      0.8564833781053526,
      0.6132562160397331,
      0.7199481348682953,
      1.0
    ],
    [
      0.2985992243491304,
      0.0,
      0.29840927571390974,
      0.4214225324984281,
      0.2517828196787964,
      0.36182106330956615,
      0.26662050133884513,
      0.5153400274261997,
      0.5446653486576213,
      0.5591603061631933,
      0.3162336698293099,
      0.4353563675207753,
      0.7047201363368469
    ],
    [
      0.2032309981754381,
      0.29840927571390974,
      0.0,
      0.19400707022221134,
      0.3356419908144905,
      0.399319741905009,
      0.5452204852934954,
      0.809946987504161,
      0.8276596911135576,
      0.8251155919335378,
      0.5615160526801042,
      0.6308910400546628,
      0.9252087431474044
    ],
    [
      0.3966510593379425,
      0.4214225324984281,
      0.19400707022221134,
      0.0,
      0.32437233505307633,
      0.33116010642754884,
      0.6147197044003493,
      0.891579711681967,
      0.8860495271595308,
      0.8615846732377528,
      0.59834651624434,
      0.6212696970263341,
      0.9130684803283857
    ],
    [
      0.4634585692064505,
      0.2517828196787964,
      0.3356419908144905,
      0.32437233505307633,
      0.0,
      0.11014457417960509,
      0.31534138093617375,
      0.5885685468544695,
      0.5689867153992944,
      0.5381106782965853,
      0.27830848817752535,
      0.303096050428593,
      0.5985481402983981
    ],
    [
      0.553488218975207,
      0.36182106330956615,
      0.399319741905009,
      0.33116010642754884,
      0.11014457417960509,
      0.0,
      0.39324051018035505,
      0.6538481719318989,
      0.6177918746234149,
      0.5705013492002706,
      0.3324448790705605,
      0.30406066862221376,
      0.5868248628163864
    ],
    [
      0.5633564912384874,
      0.26662050133884513,
      0.5452204852934954,
      0.6147197044003493,
      0.31534138093617375,
      0.39324051018035505,
      0.0,
      0.27713954067783636,
      0.2825030846395261,
      0.29313038207819014,
      0.10146909124942177,
      0.2531235600219532,
      0.4620943871121274
    ],
    [
      0.791012081179034,
      0.5153400274261997,
      0.809946987504161,
      0.891579711681967,
      0.5885685468544695,
      0.6538481719318989,
      0.27713954067783636,
      0.0,
      0.10979245270109493,
      0.20717687974312052,
      0.32191582510115246,
      0.41658144589640467,
      0.4402211001877628
    ],
    [
      0.8349494814292014,
      0.5446653486576213,
      0.8276596911135576,
      0.8860495271595308,
      0.5689867153992944,
      0.6177918746234149,
      0.2825030846395261,
      0.10979245270109493,
      0.0,
      0.09995518275251568,
      0.29085582090164147,
      0.34808531010356725,
      0.33097839876227914
    ],
    [
      0.8564833781053526,
      0.5591603061631933,
      0.8251155919335378,
      0.8615846732377528,
      0.5381106782965853,
      0.5705013492002706,
      0.29313038207819014,
      0.20717687974312052,
      0.09995518275251568,
      0.0,
      0.26590374335914146,
      0.27926711279343847,
      0.2338124181994882
    ],
    [
      0.6132562160397331,
      0.3162336698293099,
      0.5615160526801042,
      0.59834651624434,
      0.27830848817752535,
      0.3324448790705605,
      0.10146909124942177,
      0.32191582510115246,
      0.29085582090164147,
      0.26590374335914146,
      0.0,
      0.15199337543507488,
      0.3888312512080703
    ],
    [
      0.7199481348682953,
      0.4353563675207753,
      0.6308910400546628,
      0.6212696970263341,
      0.303096050428593,
      0.30406066862221376,
      0.2531235600219532,
      0.41658144589640467,
      0.34808531010356725,
      0.27926711279343847,
      0.15199337543507488,
      0.0,
      0.29564247585415704
    ],
    [
      1.0,
      0.7047201363368469,
      0.9252087431474044,
      0.9130684803283857,
      0.5985481402983981,
      0.5868248628163864,
      0.4620943871121274,
      0.4402211001877628,
      0.33097839876227914,
      0.2338124181994882,
      0.3888312512080703,
      0.29564247585415704,
      0.0
    ]
  ],
  "semantic_distance_matrix": [
    [
      4.440892098500624e-16,
      1.0,
      1.0,
      0.9457093646855029,
      1.0,
      0.8788530759826192,
      1.0,
      0.9482561588645022,
      0.9349930406094116,
      0.8899394950171666,
      0.9418049899405384,
      1.0,
      1.0
    ],
    [
      1.0,
      0.0,
      1.0,
      0.901395938224481,
      1.0,
      0.8818932682132316,
      0.7924173442016619,
      1.0,
      0.8801417680965091,
      0.8927014726312089,
      0.8927014726312089,
      1.0,
      0.7800120703214116
    ],
    [
      1.0,
      1.0,
      4.440892098500624e-16,
      1.0,
      0.8222451281080504,
      0.9173882988834918,
      1.0,
      1.0,
      1.0,
      0.9249482756898613,
      1.0,
      0.9245335323803137,
      0.9224837896067442
    ],
    [
      0.9457093646855029,
      0.901395938224481,
      1.0,
      4.440892098500624e-16,
      0.7381271562303309,
      1.0,
      1.0,
      0.9508444513434168,
      0.9382447710641949,
      1.0,
      0.944715978060899,
      1.0,
      1.0
    ],
    [
      1.0,
      1.0,
      0.8222451281080504,
      0.7381271562303309,
      4.440892098500624e-16,
      1.0,
      1.0,
      1.0,
      1.0,
      1.0,
      1.0,
      1.0,
      1.0
    ],
    [
      0.8788530759826192,
      0.8818932682132316,
      0.9173882988834918,
      1.0,
      1.0,
      4.440892098500624e-16,
      0.9546865837138143,
      1.0,
      0.8397021048564267,
      0.8882762826181649,
      0.8747651410187346,
      0.8368684035338392,
      0.8032817504206927
    ],
    [
      1.0,
      0.7924173442016619,
      1.0,
      1.0,
      1.0,
      0.9546865837138143,
      2.220446049250312e-16,
      1.0,
      0.8761367373133365,
      0.8891161210180872,
      0.8496062447897245,
      1.0,
      0.8446677397772104
    ],
    [
      0.9482561588645022,
      1.0,
      1.0,
      0.9508444513434168,
      1.0,
      1.0,
      1.0,
      0.0,
      0.9411417321453353,
      1.0,
      0.9473093723811268,
      1.0,
      1.0
    ],
    [
      0.9349930406094116,
      0.8801417680965091,
      1.0,
      0.9382447710641949,
      1.0,
      0.8397021048564267,
      0.8761367373133365,
      0.9411417321453353,
      4.440892098500624e-16,
      0.8729079321466829,
      0.8866194413774113,
      0.8020228601742774,
      0.8495892809661285
    ],
    [
      0.8899394950171666,
      0.8927014726312089,
      0.9249482756898613,
      1.0,
      1.0,
      0.8882762826181649,
      0.8891161210180872,
      1.0,
      0.8729079321466829,
      4.440892098500624e-16,
      0.8456858561020488,
      0.9404126869836129,
      0.8951674028564898
    ],
    [
      0.9418049899405384,
      0.8927014726312089,
      1.0,
      0.944715978060899,
      1.0,
      0.8747651410187346,
      0.8496062447897245,
      0.9473093723811268,
      0.8866194413774113,
      0.8456858561020488,
      4.440892098500624e-16,
      1.0,
      0.8824896286341981
    ],
    [
      1.0,
      1.0,
      0.9245335323803137,
      1.0,
      1.0,
      0.8368684035338392,
      1.0,
      1.0,
      0.8020228601742774,
      0.9404126869836129,
      1.0,
      4.440892098500624e-16,
      0.8469303623753642
    ],
    [
      1.0,
      0.7800120703214116,
      0.9224837896067442,
      1.0,
      1.0,
      0.8032817504206927,
      0.8446677397772104,
      1.0,
      0.8495892809661285,
      0.8951674028564898,
      0.8824896286341981,
      0.8469303623753642,
      4.440892098500624e-16
    ]
  ],
  "spatial_range": [
    0.0,
    1.0
  ],
  "semantic_range": [
    0.0,
    1.0
  ]
}