{
  "image_name": "9",
  "image_filename": "9.jpg",
  "num_aois": 15,
  "spatial_distance_matrix": [
    [
      0.0,
      0.27858605975968936,
      0.5149196592179106,
      0.8371016549941441,
      0.8930119590804796,
      1.0,
      0.19219036927898525,
      0.2864281159377743,
      0.3119034687580641,
      0.5029796444105629,
      0.5933966773761628,
      0.520048110133806,
      0.5516544463687195,
      0.6888213751084965,
      0.8015905006523106
    ],
    [
      0.27858605975968936,
      0.0,
      0.23705042295260084,
      0.5589819112346136,
      0.6265408509648567,
      0.7655298892740978,
      0.18049339792564634,
      0.4068653751615115,
      0.25719098813980756,
      0.5870814517050297,
      0.5387657244516867,
      0.4104120284093445,
      0.3405796890401887,
      0.5630659613440155,
      0.6329208619735351
    ],
    [
      0.5149196592179106,
      0.23705042295260084,
      0.0,
      0.32218324405583576,
      0.4011082887749854,
      0.5779726962511962,
      0.38020959289146383,
      0.5862773875120282,
      0.38662812868094953,
      0.7203780318640001,
      0.5769362426038983,
      0.42842755949994105,
      0.25427087939736287,
      0.5276636974170811,
      0.5382182140650326
    ],
    [
      0.8371016549941441,
      0.5589819112346136,
      0.32218324405583576,
      0.0,
      0.18078718282946193,
      0.43364843302166556,
      0.6941637596854281,
      0.8819336065629739,
      0.6725878634288606,
      0.9778552579748809,
      0.7692221024774807,
      0.6322763653079146,
      0.43008480422212797,
      0.6531929660201232,
      0.5829293917725847
    ],
    [
      0.8930119590804796,
      0.6265408509648567,
      0.4011082887749854,
      0.18078718282946193,
      0.0,
      0.2534080642884826,
      0.7250565946111174,
      0.8792589756235613,
      0.6713342621090633,
      0.9355744589741223,
      0.6939895998533722,
      0.5759600854280771,
      0.3931411531564064,
      0.5513726445860839,
      0.4500975056109828
    ],
    [
      1.0,
      0.7655298892740978,
      0.5779726962511962,
      0.43364843302166556,
      0.2534080642884826,
      0.0,
      0.8129643439500059,
      0.9117015670100702,
      0.7237617733476497,
      0.9080613082721455,
      0.6355347282881335,
      0.5633822857293654,
      0.4491016854697334,
      0.4662933669417911,
      0.3213494239112284
    ],
    [
      0.19219036927898525,
      0.18049339792564634,
      0.38020959289146383,
      0.6941637596854281,
      0.7250565946111174,
      0.8129643439500059,
      0.0,
      0.22647734311238563,
      0.1289152546723139,
      0.4160596258934778,
      0.42700955387774947,
      0.3340681942161795,
      0.3638804353823935,
      0.5026001676320234,
      0.6100992726267785
    ],
    [
      0.2864281159377743,
      0.4068653751615115,
      0.5862773875120282,
      0.8819336065629739,
      0.8792589756235613,
      0.9117015670100702,
      0.22647734311238563,
      0.0,
      0.2101780008459293,
      0.21661043378672032,
      0.36256198796101974,
      0.3545412303916062,
      0.48796314831761295,
      0.5036900792193248,
      0.6450883592659211
    ],
    [
      0.3119034687580641,
      0.25719098813980756,
      0.38662812868094953,
      0.6725878634288606,
      0.6713342621090633,
      0.7237617733476497,
      0.1289152546723139,
      0.2101780008459293,
      0.0,
      0.34014038687582676,
      0.2998437696461955,
      0.2081664313373486,
      0.2840834032722459,
      0.3770001238698936,
      0.4934222486126097
    ],
    [
      0.5029796444105629,
      0.5870814517050297,
      0.7203780318640001,
      0.9778552579748809,
      0.9355744589741223,
      0.9080613082721455,
      0.4160596258934778,
      0.21661043378672032,
      0.34014038687582676,
      0.0,
      0.27784728811014353,
      0.360184338517046,
      0.5509202386942863,
      0.44907917673963904,
      0.6015675707443113
    ],
    [
      0.5933966773761628,
      0.5387657244516867,
      0.5769362426038983,
      0.7692221024774807,
      0.6939895998533722,
      0.6355347282881335,
      0.42700955387774947,
      0.36256198796101974,
      0.2998437696461955,
      0.27784728811014353,
      0.0,
      0.14860553606463522,
      0.3462228687184435,
      0.17166933057700212,
      0.3239978758654699
    ],
    [
      0.520048110133806,
      0.4104120284093445,
      0.42842755949994105,
      0.6322763653079146,
      0.5759600854280771,
      0.5633822857293654,
      0.3340681942161795,
      0.3545412303916062,
      0.2081664313373486,
      0.360184338517046,
      0.14860553606463522,
      0.0,
      0.20318408850919562,
      0.16886916467282623,
      0.29354072585251484
    ],
    [
      0.5516544463687195,
      0.3405796890401887,
      0.25427087939736287,
      0.43008480422212797,
      0.3931411531564064,
      0.4491016854697334,
      0.3638804353823935,
      0.48796314831761295,
      0.2840834032722459,
      0.5509202386942863,
      0.3462228687184435,
      0.20318408850919562,
      0.0,
      0.27361451845022683,
      0.2992855906979324
    ],
    [
      0.6888213751084965,
      0.5630659613440155,
      0.5276636974170811,
      0.6531929660201232,
      0.5513726445860839,
      0.4662933669417911,
      0.5026001676320234,
      0.5036900792193248,
      0.3770001238698936,
      0.44907917673963904,
      0.17166933057700212,
      0.16886916467282623,
      0.27361451845022683,
      0.0,
      0.15249150484609428
    ],
    [
      0.8015905006523106,
      0.6329208619735351,
      0.5382182140650326,
      0.5829293917725847,
      0.4500975056109828,
      0.3213494239112284,
      0.6100992726267785,
      0.6450883592659211,
      0.4934222486126097,
      0.6015675707443113,
      0.3239978758654699,
      0.29354072585251484,
      0.2992855906979324,
      0.15249150484609428,
      0.0
    ]
  ],
  "semantic_distance_matrix": [
    [
      4.440892098500624e-16,
      1.0,
      0.9582960606082082,
      1.0,
      0.8659829357692578,
      0.8681876870342619,
      0.9503828732817163,
      0.9612324626874718,
      1.0,
      1.0,
      1.0,
      0.9594879673258689,
      0.9546458928330682,
      0.8776145116088314,
      1.0
    ],
    [
      1.0,
      2.220446049250312e-16,
      0.6557921330274602,
      0.7006199025605971,
      0.9118189285364373,
      0.9232191432434113,
      0.751322515820143,
      0.9265085658905782,
      1.0,
      1.0,
      0.9153213729855375,
      1.0,
      1.0,
      0.7679944180219479,
      1.0
    ],
    [
      0.9582960606082082,
      0.6557921330274602,
      4.440892098500624e-16,
      0.8090888870558038,
      1.0,
      0.9633618131638971,
      0.8236608225611464,
      0.837688867960687,
      1.0,
      1.0,
      1.0,
      0.9562968161754033,
      0.9510733292831648,
      0.8679741512936316,
      1.0
    ],
    [
      1.0,
      0.7006199025605971,
      0.8090888870558038,
      5.551115123125781e-16,
      1.0,
      0.936121511638582,
      0.9066785858937856,
      1.0,
      1.0,
      1.0,
      0.7693782194354991,
      1.0,
      0.8696509483783305,
      1.0,
      0.8211359442771832
    ],
    [
      0.8659829357692578,
      0.9118189285364373,
      1.0,
      1.0,
      2.220446049250312e-16,
      0.7645238166887249,
      1.0,
      0.9262504784953473,
      1.0,
      1.0,
      0.9150239983793302,
      1.0,
      1.0,
      0.7671796602606202,
      1.0
    ],
    [
      0.8681876870342619,
      0.9232191432434113,
      0.9633618131638971,
      0.936121511638582,
      0.7645238166887249,
      4.440892098500624e-16,
      0.7486372443741025,
      0.9659415322401999,
      1.0,
      1.0,
      1.0,
      0.9644089396859891,
      0.9601550290835658,
      0.8924806036288774,
      1.0
    ],
    [
      0.9503828732817163,
      0.751322515820143,
      0.8236608225611464,
      0.9066785858937856,
      1.0,
      0.7486372443741025,
      2.220446049250312e-16,
      0.9502432750810808,
      1.0,
      1.0,
      1.0,
      0.9480042786978476,
      0.9417896520984598,
      0.842922674431036,
      1.0
    ],
    [
      0.9612324626874718,
      0.9265085658905782,
      0.837688867960687,
      1.0,
      0.9262504784953473,
      0.9659415322401999,
      0.9502432750810808,
      0.0,
      0.9390700904289213,
      0.9535879250731824,
      0.8774365550535937,
      0.9124460215977689,
      0.9019814050979067,
      0.6832341985790061,
      0.9094795661951836
    ],
    [
      1.0,
      1.0,
      1.0,
      1.0,
      1.0,
      1.0,
      1.0,
      0.9390700904289213,
      4.440892098500624e-16,
      0.9370282707907607,
      0.9297950686482407,
      0.8098532339552397,
      0.7871265341334903,
      1.0,
      0.570854008239738
    ],
    [
      1.0,
      1.0,
      1.0,
      1.0,
      1.0,
      1.0,
      1.0,
      0.9535879250731824,
      0.9370282707907607,
      4.440892098500624e-16,
      0.9465228726405894,
      0.9514994341592642,
      0.945702555127475,
      1.0,
      0.9064461397434032
    ],
    [
      1.0,
      0.9153213729855375,
      1.0,
      0.7693782194354991,
      0.9150239983793302,
      1.0,
      1.0,
      0.8774365550535937,
      0.9297950686482407,
      0.9465228726405894,
      0.0,
      0.9459284517333731,
      0.9394657183831588,
      0.7764269997749146,
      0.6885227718688497
    ],
    [
      0.9594879673258689,
      1.0,
      0.9562968161754033,
      1.0,
      1.0,
      0.9644089396859891,
      0.9480042786978476,
      0.9124460215977689,
      0.8098532339552397,
      0.9514994341592642,
      0.9459284517333731,
      2.220446049250312e-16,
      0.7885173985667687,
      0.8717474757870236,
      0.9054062489857422
    ],
    [
      0.9546458928330682,
      1.0,
      0.9510733292831648,
      0.8696509483783305,
      1.0,
      0.9601550290835658,
      0.9417896520984598,
      0.9019814050979067,
      0.7871265341334903,
      0.945702555127475,
      0.9394657183831588,
      0.7885173985667687,
      2.220446049250312e-16,
      0.8564184923927762,
      0.8941002255963764
    ],
    [
      0.8776145116088314,
      0.7679944180219479,
      0.8679741512936316,
      1.0,
      0.7671796602606202,
      0.8924806036288774,
      0.842922674431036,
      0.6832341985790061,
      1.0,
      1.0,
      0.7764269997749146,
      0.8717474757870236,
      0.8564184923927762,
      2.220446049250312e-16,
      1.0
    ],
    [
      1.0,
      1.0,
      1.0,
      0.8211359442771832,
      1.0,
      1.0,
      1.0,
      0.9094795661951836,
      0.570854008239738,
      0.9064461397434032,
      0.6885227718688497,
      0.9054062489857422,
      0.8941002255963764,
      1.0,
      2.220446049250312e-16
    ]
  ],
  "spatial_range": [
    0.0,
    1.0
  ],
  "semantic_range": [
    0.0,
    1.0
  ]
}